[Motif {_name = "1_ASCCAGGCKGG", _pwm = PWM {_nSites = Nothing, _mat = (11,4) 0.7688 0.0758 0.1205 0.035
       0.0573 0.5325 0.2828 0.1274
       0.0489 0.7967 0.0964 0.058
       0.0449 0.6376 0.2639 0.0536
       0.6192 0.1047 0.1794 0.0967
       0.0864 0.0745 0.8072 0.0319
       0.0884 0.0705 0.829  0.0121
       0.0399 0.8056 0.0811 0.0735
       0.0797 0.1106 0.4011 0.4085
       0.0388 0.1287 0.7814 0.051
       0.1369 0.1583 0.5819 0.1229
}},Motif {_name = "2_NGCRGGCKGAS", _pwm = PWM {_nSites = Nothing, _mat = (11,4) 0.0905 0.4714 0.2324 0.2057
       0.022  0.0407 0.9273 0.01
       0.0146 0.9563 0.0124 0.0167
       0.4682 0.021  0.2916 0.2191
       0.0388 0.0423 0.8879 0.031
       0.0534 0.0969 0.8321 0.0176
       0.1544 0.7521 0.0526 0.041
       0.0282 0.0709 0.3161 0.5848
       0.03   0.0169 0.9429 0.0103
       0.6324 0.0384 0.2608 0.0684
       0.0569 0.5814 0.3313 0.0303
}},Motif {_name = "3_GGAGGAGGNG", _pwm = PWM {_nSites = Nothing, _mat = (10,4) 0.0787 0.0663 0.8231 0.032
       0.2014 0.0342 0.7544 0.01
       0.8203 0.0773 0.0681 0.0344
       0.0871 0.0543 0.8423 0.0164
       0.2835 0.0699 0.5971 0.0495
       0.6561 0.2249 0.0697 0.0493
       0.0762 0.1647 0.7404 0.0186
       0.1121 0.0569 0.8133 0.0177
       0.3884 0.2627 0.277  0.0718
       0.1037 0.0776 0.7557 0.0631
}},Motif {_name = "4_YCGSGANCGSA", _pwm = PWM {_nSites = Nothing, _mat = (11,4) 0.0884 0.4844 0.0786 0.3486
       0.0493 0.6175 0.2507 0.0826
       0.035  0.0615 0.8838 0.0197
       0.0516 0.4338 0.3814 0.1332
       0.0907 0.1071 0.7679 0.0342
       0.8253 0.1102 0.0309 0.0336
       0.4409 0.2675 0.2466 0.0451
       0.0502 0.8176 0.1014 0.0308
       0.0387 0.0859 0.7673 0.1081
       0.0283 0.4513 0.4442 0.0762
       0.805  0.052  0.035  0.108
}},Motif {_name = "5_SGCGTGCRC", _pwm = PWM {_nSites = Nothing, _mat = (9,4) 0.053  0.3228 0.439  0.1852
      0.1497 0.0897 0.7473 0.0133
      0.0441 0.8364 0.0258 0.0936
      0.022  0.01   0.958  0.01
      0.0277 0.01   0.0205 0.9418
      0.0119 0.041  0.9372 0.01
      0.0228 0.8734 0.053  0.0508
      0.4868 0.0319 0.4697 0.0116
      0.0602 0.7693 0.0367 0.1338
}}]
